-1408.0000, 106.5000  ,  -1534.0000, 96.5000  ,  -1576.0000, 90.5000  ,  -1604.0000, 82.5000  ,  -1644.0000, 59.5000  ,  -1721.0000, -10.5000  ,  -1302.5000, -123.0000

-2947.5000, 118.0000  ,  -3001.0000, 119.5000  ,  -3002.5000, -358.0000  ,  -2947.5000, -90.0000

1674.0000, 228.5000  ,  1399.0000, 84.5000  ,  1711.5000, 164.0000

2929.5000, 58.0000  ,  2928.0000, -279.5000  ,  3001.5000, -359.0000  ,  3001.0000, 59.5000

1711.5000, 164.0000  ,  1399.0000, 84.5000  ,  1755.5000, 100.0000

1755.5000, 100.0000  ,  1399.0000, 84.5000  ,  975.0000, -48.5000  ,  1799.5000, 51.0000

2928.0000, -279.5000  ,  -3002.5000, -358.0000  ,  3001.5000, -359.0000

2085.0000, -15.5000  ,  2043.0000, -2.5000  ,  2021.0000, 0.5000  ,  2324.0000, -280.5000  ,  2263.5000, -188.0000  ,  2222.5000, -133.0000  ,  2163.5000, -69.0000  ,  2134.0000, -44.5000

-1721.0000, -10.5000  ,  -1767.0000, -42.5000  ,  -1270.0000, -174.5000  ,  -1302.5000, -123.0000

-80.0000, -49.5000  ,  -444.0000, -168.5000  ,  -50.0000, -73.5000

-1767.0000, -42.5000  ,  -1811.0000, -60.5000  ,  -1270.0000, -174.5000

-1811.0000, -60.5000  ,  -1891.0000, -76.5000  ,  -1270.0000, -174.5000

-1891.0000, -76.5000  ,  -2011.0000, -90.5000  ,  -1270.0000, -174.5000

-2011.0000, -90.5000  ,  -2945.0000, -90.5000  ,  -3002.5000, -358.0000  ,  -1248.0000, -194.5000  ,  -1270.0000, -174.5000

1799.5000, 51.0000  ,  975.0000, -48.5000  ,  875.0000, -91.5000  ,  1840.5000, 20.0000

2021.0000, 0.5000  ,  1899.0000, -0.5000  ,  2324.0000, -280.5000

875.0000, -91.5000  ,  753.0000, -135.5000  ,  2324.0000, -280.5000  ,  1867.0000, 7.5000  ,  1840.5000, 20.0000

1899.0000, -0.5000  ,  1867.0000, 7.5000  ,  2324.0000, -280.5000

753.0000, -135.5000  ,  665.0000, -161.5000  ,  2324.0000, -280.5000

665.0000, -161.5000  ,  553.0000, -186.5000  ,  2324.0000, -280.5000

553.0000, -186.5000  ,  459.0000, -199.5000  ,  2324.0000, -280.5000

-2947.5000, -90.0000  ,  -3002.5000, -358.0000  ,  -2945.0000, -90.5000

-49.0000, -73.5000  ,  -50.0000, -73.5000  ,  -444.0000, -168.5000  ,  19.0000, -119.5000

19.0000, -119.5000  ,  -444.0000, -168.5000  ,  77.0000, -148.5000

77.0000, -148.5000  ,  -444.0000, -168.5000  ,  139.0000, -171.5000

139.0000, -171.5000  ,  -444.0000, -168.5000  ,  -510.0000, -186.5000  ,  219.0000, -191.5000

-510.0000, -186.5000  ,  -578.0000, -198.5000  ,  311.0000, -202.5000  ,  219.0000, -191.5000

-578.0000, -198.5000  ,  -658.0000, -203.5000  ,  311.0000, -202.5000

-1088.0000, -215.5000  ,  -3002.5000, -358.0000  ,  2324.0000, -280.5000

-1248.0000, -194.5000  ,  -3002.5000, -358.0000  ,  -1230.0000, -202.5000

-1230.0000, -202.5000  ,  -3002.5000, -358.0000  ,  -1170.0000, -211.5000

-1170.0000, -211.5000  ,  -3002.5000, -358.0000  ,  -1088.0000, -215.5000

459.0000, -199.5000  ,  397.0000, -203.5000  ,  2324.0000, -280.5000

-78.0000, -49.5000  ,  -80.0000, -49.5000  ,  -247.0000, -105.5000  ,  -75.5000, -53.0000

2929.5000, 59.0000  ,  2929.0000, -279.5000  ,  3001.5000, -359.0000  ,  3001.0000, 59.5000

2929.0000, -279.5000  ,  -3002.0000, -359.5000  ,  3001.5000, -359.0000

-2010.0000, -89.5000  ,  -2011.0000, -90.5000  ,  -1214.0000, -206.5000  ,  -1238.0000, -199.5000  ,  -2001.0000, -89.5000

-1184.0000, -209.5000  ,  -1193.0000, -209.5000  ,  -3002.5000, -358.0000  ,  -1183.0000, -210.5000

1673.0000, 228.5000  ,  1672.0000, 228.5000  ,  1399.0000, 84.5000  ,  1697.5000, 187.0000  ,  1677.5000, 224.0000

-1599.0000, 84.5000  ,  -1626.0000, 71.5000  ,  -1648.0000, 56.5000  ,  -1689.0000, 17.5000  ,  -1544.0000, 94.5000  ,  -1566.0000, 92.5000

-1172.0000, -210.5000  ,  -1183.0000, -210.5000  ,  -3002.5000, -358.0000  ,  -1171.0000, -211.5000

-599.0000, -199.5000  ,  -600.0000, -200.5000  ,  310.0000, -202.5000  ,  283.0000, -200.5000

2048.0000, -3.5000  ,  2022.0000, 0.5000  ,  1972.0000, 0.5000  ,  2190.0000, -95.5000  ,  2163.0000, -68.5000  ,  2138.0000, -47.5000  ,  2107.0000, -26.5000  ,  2085.0000, -15.5000

1955.0000, -0.5000  ,  1954.0000, -1.5000  ,  2319.5000, -276.0000  ,  1971.0000, -0.5000

2190.0000, -95.5000  ,  1972.0000, 0.5000  ,  1971.0000, -0.5000  ,  2319.5000, -276.0000  ,  2304.5000, -250.0000  ,  2270.5000, -198.0000  ,  2226.5000, -138.0000

-1407.0000, 106.5000  ,  -1543.0000, 95.5000  ,  -1377.5000, 42.0000  ,  -1402.5000, 99.0000

-1377.5000, 42.0000  ,  -1543.0000, 95.5000  ,  -1302.5000, -123.0000

1697.5000, 187.0000  ,  1399.0000, 84.5000  ,  1723.5000, 145.0000

1723.5000, 145.0000  ,  1399.0000, 84.5000  ,  1743.5000, 116.0000

1743.5000, 116.0000  ,  1399.0000, 84.5000  ,  1763.5000, 90.0000

1763.5000, 90.0000  ,  1399.0000, 84.5000  ,  1782.5000, 68.0000

-1689.0000, 17.5000  ,  -1727.0000, -15.5000  ,  -1544.0000, 94.5000

1209.0000, 25.5000  ,  1193.0000, 19.5000  ,  1864.0000, 8.5000

1320.0000, 60.5000  ,  1304.0000, 54.5000  ,  1864.0000, 8.5000  ,  1323.0000, 60.5000

1339.0000, 66.5000  ,  1323.0000, 60.5000  ,  1864.0000, 8.5000  ,  1342.0000, 66.5000

1358.0000, 72.5000  ,  1342.0000, 66.5000  ,  1864.0000, 8.5000  ,  1841.0000, 19.5000  ,  1361.0000, 72.5000

330.0000, -202.5000  ,  -656.0000, -202.5000  ,  -657.0000, -203.5000  ,  331.0000, -203.5000

1228.0000, 31.5000  ,  1212.0000, 25.5000  ,  1864.0000, 8.5000  ,  1247.0000, 36.5000

1782.5000, 68.0000  ,  1399.0000, 84.5000  ,  1799.5000, 51.0000

1377.0000, 78.5000  ,  1361.0000, 72.5000  ,  1841.0000, 19.5000  ,  1820.0000, 33.5000  ,  1399.0000, 84.5000

274.0000, -198.5000  ,  250.0000, -196.5000  ,  -562.0000, -196.5000  ,  -587.0000, -198.5000  ,  -588.0000, -199.5000  ,  283.0000, -200.5000

1799.5000, 51.0000  ,  1399.0000, 84.5000  ,  1820.0000, 33.5000

309.0000, -201.5000  ,  283.0000, -200.5000  ,  310.0000, -202.5000

975.0000, -48.5000  ,  895.0000, -83.5000  ,  1152.0000, 7.5000

-629.0000, -201.5000  ,  -630.0000, -202.5000  ,  310.0000, -202.5000  ,  -600.0000, -200.5000

584.0000, -179.5000  ,  553.0000, -186.5000  ,  2324.0000, -280.5000  ,  589.0000, -179.5000

-1302.5000, -123.0000  ,  -1543.0000, 95.5000  ,  -1285.5000, -152.0000

-2948.0000, 119.5000  ,  -3001.0000, 119.5000  ,  -3002.5000, 119.0000  ,  -3002.5000, -358.0000  ,  -2947.5000, -90.0000  ,  -2947.5000, 118.0000

-1087.0000, -214.5000  ,  -1088.0000, -215.5000  ,  -1052.0000, -214.5000

-1051.0000, -213.5000  ,  -1052.0000, -214.5000  ,  -1016.0000, -213.5000

-1015.0000, -212.5000  ,  -1016.0000, -213.5000  ,  -980.0000, -212.5000

-979.0000, -211.5000  ,  -980.0000, -212.5000  ,  -944.0000, -211.5000

-943.0000, -210.5000  ,  -944.0000, -211.5000  ,  -908.0000, -210.5000

-75.5000, -53.0000  ,  -247.0000, -105.5000  ,  -53.0000, -71.5000

-53.0000, -71.5000  ,  -247.0000, -105.5000  ,  -30.0000, -88.5000

-30.0000, -88.5000  ,  -247.0000, -105.5000  ,  26.0000, -123.5000

26.0000, -123.5000  ,  -247.0000, -105.5000  ,  77.0000, -148.5000

77.0000, -148.5000  ,  -247.0000, -105.5000  ,  -250.0000, -105.5000  ,  -311.0000, -126.5000  ,  132.0000, -169.5000

1190.0000, 19.5000  ,  1155.0000, 7.5000  ,  1883.0000, 2.5000  ,  1864.0000, 8.5000

1285.0000, 49.5000  ,  1247.0000, 36.5000  ,  1864.0000, 8.5000  ,  1304.0000, 54.5000

625.0000, -170.5000  ,  589.0000, -179.5000  ,  2324.0000, -280.5000  ,  629.0000, -170.5000

450.0000, -199.5000  ,  449.0000, -200.5000  ,  2324.0000, -280.5000  ,  494.0000, -195.5000

399.0000, -202.5000  ,  398.0000, -203.5000  ,  2324.0000, -280.5000  ,  449.0000, -200.5000

132.0000, -169.5000  ,  -311.0000, -126.5000  ,  -314.0000, -126.5000  ,  -424.0000, -162.5000  ,  190.0000, -185.5000

-1285.5000, -152.0000  ,  -1543.0000, 95.5000  ,  -1544.0000, 94.5000  ,  -1270.5000, -174.0000

-2000.0000, -88.5000  ,  -2001.0000, -89.5000  ,  -1254.0000, -190.5000  ,  -1270.5000, -174.0000  ,  -1906.0000, -78.5000

-1727.0000, -15.5000  ,  -1743.0000, -27.5000  ,  -1270.5000, -174.0000  ,  -1544.0000, 94.5000

-424.0000, -162.5000  ,  -510.0000, -186.5000  ,  250.0000, -196.5000  ,  190.0000, -185.5000

-510.0000, -186.5000  ,  -562.0000, -196.5000  ,  250.0000, -196.5000

-2947.5000, -90.0000  ,  -3002.5000, -358.0000  ,  -2946.0000, -90.5000

-2946.0000, -90.5000  ,  -3002.5000, -358.0000  ,  -1214.0000, -206.5000  ,  -2011.0000, -90.5000

783.0000, -125.5000  ,  2324.0000, -280.5000  ,  2319.5000, -276.0000  ,  1155.0000, 7.5000  ,  1152.0000, 7.5000

-907.0000, -209.5000  ,  -908.0000, -210.5000  ,  331.0000, -203.5000

1883.0000, 2.5000  ,  1155.0000, 7.5000  ,  2319.5000, -276.0000  ,  1899.0000, -0.5000

-1743.0000, -27.5000  ,  -1767.0000, -42.5000  ,  -1270.5000, -174.0000

-1767.0000, -42.5000  ,  -1793.0000, -54.5000  ,  -1270.5000, -174.0000

-1793.0000, -54.5000  ,  -1818.0000, -62.5000  ,  -1270.5000, -174.0000

-1818.0000, -62.5000  ,  -1859.0000, -71.5000  ,  -1270.5000, -174.0000

-1859.0000, -71.5000  ,  -1906.0000, -78.5000  ,  -1270.5000, -174.0000

-1254.0000, -190.5000  ,  -2001.0000, -89.5000  ,  -1238.0000, -199.5000

1954.0000, -1.5000  ,  1899.0000, -0.5000  ,  2319.5000, -276.0000

-1214.0000, -206.5000  ,  -3002.5000, -358.0000  ,  -1193.0000, -209.5000

783.0000, -125.5000  ,  694.0000, -153.5000  ,  2324.0000, -280.5000

694.0000, -153.5000  ,  629.0000, -170.5000  ,  2324.0000, -280.5000

553.0000, -186.5000  ,  494.0000, -195.5000  ,  2324.0000, -280.5000

2324.0000, -280.5000  ,  398.0000, -203.5000  ,  -980.0000, -212.5000  ,  -3002.5000, -358.0000  ,  -3002.0000, -359.5000

-1171.0000, -211.5000  ,  -3002.5000, -358.0000  ,  -1088.0000, -215.5000

-1088.0000, -215.5000  ,  -3002.5000, -358.0000  ,  -980.0000, -212.5000
